   18    20    22    35    37     1 
   35    37    39    54    56     1 
   54    56    58    74    76     1 
   74    76    78    90    92     1 
   90    92    94   112   114     1 
  112   114   116   126   128     1 
  126   128   130   145   147     1 
  145   147   149   159   161     1 
  159   161   163   166   168     1 
  166   168   170   188   190     1 
  188   190   192   202   204     1 
  202   204   206   221   223     1 
  221   223   225   235   237     1 
  235   237   239   254   256     1 
  254   256   258   269   271     1 
  269   271   273   285   287     1 
  285   287   289   300   302     1 
  300   302   306   314   316     1 
  314   316   318   325   327     1 
  325   327   329   337   339     1 
  337   339   341   351   353     1 
  351   353   355   370   372     1 
  370   372   374   385   387     1 
  385   387   389   399   401     1 
  399   401   403   415   417     1 
  415   417   419   437   439     1 
  437   439   441   447   449     1 
  447   449   451   469   471     1 
  469   471   473   488   490     1 
  488   490   492   505   507     1 
  505   507   509   517   519     1 
  517   519   521   539   541     1 
  539   541   543   554   556     1 
  554   556   558   561   563     1 
  561   563   565   580   582     1 
  580   582   586   594   596     1 
  594   596   600   608   610     1 
  608   610   612   620   622     1 
  620   622   624   637   639     1 
  637   639   641   654   656     1 
  654   656   658   678   680     1 
  678   680   682   697   699     1 
  697   699   701   716   718     1 
  716   718   720   736   738     1 
  736   738   740   746   748     1 
  746   748   750   753   755     1 
  753   755   757   775   777     1 
  775   777   779   792   794     1 
  792   794   796   811   813     1 
  811   813   815   826   828     1 
